164

turpis 283. 388. 423.

turpiter 479. 561.

turpitudo 76. 207.

1111118 3. 62. 91. 116. 128. 205. (359).
373. 0381. 431. 472. 496. 686.
111118 10. 474. 608. 635.

ubi 21, 78. 81. 88.129. 155. 184. 213.
- 258. 285. 289. 291. 317. 327. 364.
365. 385. 389. 432. 440. 441. 442.
444. 495: 528. 549. 555. 585. 595.
508. 629. 681. 633. 634. 635. 639.

644. (676). 686. 687. 692.
ubicumque 637.

1118181ὂὶ 231. 476. 528. 603. 611. 673.
ultra 179.

111110 44.

umbra. 159.

umquam 182. 428. ,

11115 345.

unde 171. 181.

universus 296. 485.

unus 159. 243. 310. 363. 458. 535.

632. 686.
111818 307.
usura. 624.

ut 40. 49. 122. 125. 188. 190. 224.

307. 368. 370. 524. 539. 558. 577.
(689). (690).
uterque 649.
1111 500.
utique (663).
utile 222. 404.
utilis 128. 471. 638.-

Valere 17. 192. 269. 291. 348. 692.
vapor 389.

varietas 239.

vehiculum 104.

vene 82. 108. 108. 319. 836. (359).
361. 403. 451. 508. 519. 529. 533.
572. 574. 577. 598. 603. 611. 612.

616. 677.
7811111 *474

INDEX VEBBORUM.

781111818 48.

venenum 214.

7811118 72. 92. 137. 167. 185. 318.
368. 461. 487. 558. 674.

Venus 56. 276.

7811118 268.

verber 284.

7811111111 61. 559. 563. 642.

781811 3. 299.

veritae 416. 684,

78111 0638.

781118 308. 523. 636.

78881 337.

vestigium 290.

781118 293, 445.

viu. 104. 617.

vicinus 611.

victoria 64. 289. 366. 575. 606. 647.
7111818 15. 191. 263. 304. 452. 533.
646. (661). (669).

vigilare 16.

vincere 64. 95. 125. 151. 251. 324,
364. 366. 383. 398. 425. 499. 500.
549. 569. 654.

vindicare 76. 254. 285. 394. 525.
vir 36. 74. (84). 93. 324. 356. 371.
643. 651. (685).

7111118 136. 266. 388. 402. 486. 538.
641. 646. 647. 648. 653. 682. 691.
718 121. 142. 521, 540. 569. 599. *692.
vita 54. 79. 90. 105. 134. 220. 231.

244. 411. 438. 547. 631. 688.
vitare 249.

vitium 10. 85. 98. 150. 514. 541.
71118118 189.

717818 26. 82. 212, 329. 330. 372.
385. 454. 537.

vix 22. 121. 520. *521.

708818 146. 241. 316.

voluntas *640.

voluptas 325. 365. 436. 521. 630. 650.
70111111 477.

vox 142. 211. 284.

vulnus 31. 118. 606.

71111118 301. ι·“492. 647. 652.

