160

1111 ¹⁸³ 6. 0 23.
0321.

027. 0 179. 0239.

0 396.
¹⁸¹ 574.

ἶὲξὲἶ 1593. 0634.
nimia 360. *na-2. (⁸²666).
nimium 173. 416. 0430. 678.

nimius 107. 0180. (392).

nisi 23. 26. 120. 182. 239. 253. 266.
293. 394. 409. 427. 460. 467. 559.

570. 574.
niti (673).

1106616 71. 122. 162. 199. 202. 243.
257. 260. 299. 397. 405. 410. 421.
436. 502. 510. 526. 552. 558. 568.

1311ῗὸ 113. 397. 464. 484. 577.
nomen 42. 540.

11011 5. 15. 18. 21. 36. 38. 42. 49. 56.
67. 70. 85. 109. 114. 117. 129. 138.
170. 172. 176. 182. 194.
209. 211. 220. 240. 263. 281.
285. 288. 297. 300. 304. 319.
340. 344. 347. 357. 358. 362.
380. 388. 391. 393. 396. 398.
402. 405. 406. 408. 412. 413.

142.
197.
284.
336.
370.
399.
422.
481.
517.
553. 562. 569. 571.

157.

429. 437. 452. 453. 467.

648. 672. 674. (676). 682. 692.
nos 28.
noscere 402. 540.
noster 28.
1101616 226.
novus 293. 645.
nubere 340. 445.

nullus (84). 87. 100. 183. 234.*Ξὲἔ.

384. 395. 401. 417. 431. 484.
542. 568. 570.

numerosus (671).

nummus 71.

numquam 57. 63. 181. 298. 328. 336.
354. 383. 386. 389. 413. (435). 459.

nfflzlt'iae 223.
nusquam 155. 385. *435.
nutrix 600.

0 438. 440. 443. 447.
obesse 165. 183. 347. 529.
obiurgare 124. 439. 585.
obiurgatio 86.

obligare 78.

oblivio 250.

oblivisci 152. 305.
obsequium 52. 57. 445.

ο377. 0378. ¹· 379. *364 ¹:331}ss
0423. 0425. ¹⁸4ae. *436.

488. 494. 501. 508. 511. 516.
529. 533. 537. 540. 541. 552.
0573. 574. 575.
581. 590. 599. 628. 0635. 640. 643.

INDEX VEB-EORUM.

occasio 87. 140. 228. 446. 449. 525.
occidere 70. 442. ,

occulte 448.

occultus 456.

0661111616 567.

oculus 36, 40. 115. 265. 378.

odisse 6. 90. 156.

odium 311. 445.

offerre 44. 449.

officiosus 68.

officium 437. 517. 539.

omnis 1. 78. 112. 198. 236. 243. 266.
302. 311. 363. 364. 436. 441. 448.
458. ι·’525. 542. 554. 587. 598. *623.
631. 642. 679. 686. 691.

01161116 447.

opinio 62.

oportere 9. 27. 35. 133. 465. 572. 655.
opprimere 72. 519. 520. 614. 682.
0111616 1. 26. 382.

optet-ere *380.

optimus 134. 175. 225. 377. 444. 525.
optinere 69.

opus 44. 124. 466. 594.

oratio 214.

ordo 643.

01111 40. 293.

otiosus 34. 688.

otium 187.

paelex 445.

paenitere 32. 111. 196. 212. 271. 366.
601. 656.

1161 106. 395.
parare 488. 511.
parcere 224. *224. 345.
parere 8. 388. 421. 466. 521. 619.
parete 93. 441. 579.
pariter 81.
pars 7. 180. 278. 469. 493. 530. 544.
642. 647. (661). 681
pasci 114.

1161616 266.

pati 99. 158. 464. 487. 0651.
patientia 96. *145. 178. 456.
1161116 158. 367. 471. 635.
patrimonium 83. 217.

1161161 480. 484. 485. 522. (689).
pauper 644.
paupertas 210. 597.
pax 465.

11666616 52. 98. 148. 230. 242. 260.
271. 283. 275. 378. 448. 484. 486.
561. 629. 633. (663).

peecatum 238.. 474. 489.

0381. 532.

 

