162

190. 191. 194. 190. 198. (200). 205.
208. 208. 209. 211. 219. 235. 238.
239. 242. 251. 258. 280. 283. 284.
270. 271. 286. 295. 296. 300. 302.
306. 310. 312. 314. 315. 318. 321.
322. 326. 330. 332. 333. 338. 338.
340. 348. 351. *352 (359). 362. 366.
370. 375. 375. 381. 384. 388. 391.
393. 398. 403. 408. 408. 409. 413.
414. 415. 418. 420. 421. 424. 430.
432. 444.,447. 451. 452. 455. 463.
485. *467 469, 472. 476. 477. 487.
489. 493. 494. 499. 500. (503). 505.
506. 507. 508. 511. 513. 514. 518.
517.
524.

521.
529.
539.
552.
562.
574.

522. 523.
531. 532.
540. 541.
553. 554.
584. 565.
588. 595.

518. 519. 520.

526. 527. 528.
533. 534. 535. 537.
542. 543. 544. 545.
555. 556. 557. 558.
567. 568. 572. 573.
601. 605. 606. 609. 612. 614. 616.
623. 626. 628. 634. 636. 642. 648.
649. (663). 664. (666). 671. 672. 673.
674. 677. 684. 692.

quicumque 199. 376. 436. 512. 515.
quilibet 17. 494.

quis, quae, quid 15. 26. 152. 382. 400.
480. 559. 566.

(11118, (1110, quid = aliquis etc. 120.
*525 *675.

quisquam, quidquam 2111. 119. 433.

quisque 556.

quisquis, quidquid 9. (132). *174.
230. 320. 344. 379. 471. 502. 509.
530. 536. 538. 548. 550. 551. 581.
*618 620.

quivis 96. 119. 513.

(1110 adv. 509. 563.

quoad *501.

quodammodo 490. (583).

(11101 = 0111 *525 *675.

quotiens 215. 319.

rapere 88. 137. 180. *527. 573. 581.
1010 (503).

101118 318. 572.

10110 569.

receptus 446.

recipere 51. 240. (666).

10010 23. 98. 148. 387. 474.

1001118 501.

reddere 51. 60. 172. 573. 609. 675.
redimere 19.

redire 91. 181. 273. 459.

referre 354. 642.

reficere 239.

regere 187. 391. *574

regimen 458.

INDEX VERBORUM.

regnare 574. (676).

relaxare *495 ,, f
relicuus 168.

relinquere 105.

remedium 96. 250. 294. 423. 582. 657.
1011101118 366.

renovare 560.

reperire 168. (662).

repetere 185.

reposcere 295.

reprendere 85. *518

reprimere 440.

requirere 312. ,
res 45. 86. 115. 259. 283. 361. 454.
458. 570. 578. 613.

rescire 230.

respicere 344. 580.

restituere 520.

retinere 168. 232.

10118 571.

rex 577.

11ᾶοτο 146.

rima 380.

118118 221. 256.

1110 (689).

11νο118 619.

rivalitas 575.

rogare 122. 170. 233. 539. 579. (583).
1080 610.

1111101· 576.

ruina 380.

11111101 17. 193. 217.

Saepe 60. 113. 132. 140. 165. 216.
228. 375. 567. *592
{35330223723583 636.

salvus 519. 677.

8011010 31,

sanetus 588. 637.

sanguis 275. .
sapere 15. 22. 117. 300. 406. 427. 506.
sapiens 25. 41. 150. 427. 428. (* 464).
587. 589. 595. 607. 652. 654. 674.
sapientia 139. 282. 311. 590. 627.
801 624.

80118 505. 616. 678. 684.

80110 3, 15. 51. 329. (359). 375. 414.
425. 482. 559.

seribere 323.

secretum 369.
secundus 208. 597. 600.

“ sed 79. 127. 248. 311. 319. 373. 391.

398. 682.

seditio 821.

semel 113. 132. 183. 303. 520.
semper [73]. 88. 97. 163. 247. 268,
274. 276. 289. 330. 337. (359). 377,

