156

donare 80. 137. 220. ’467. *480.
dormire 67. 673.

dubitare 523. 528.

dubius 197. 259. 593.

ducere 379. 423.

dulcis 56. 144. 276. 440. 630.
dum 134.

duplex (141).

durus (660).

dux 136.

ebrius 12.
effugere 154. 433. 656.
egere 288. 407.
egestae 460.
91199 160.
elabi 18.
elidere (889).
eligere 38.
eloquens 505.
emendare 150.
emori 50.

eripere 157. 352. 409. 455. 536. 604.

errare 57.

9889 1. 6. 7. 8. 11. 14. 20. 21. 29.
49. 50.
73. 75.
76. (83). (84). 86. 87. 96. (102). 103.
107. 109. 115. 116. 118. 123.
132. 134. 135. 136.
145. 149. 152. 153. 154. 155.
161. 169. 171. 172. 175. 183.
185. 186. 187. 189. 193. 194.
196. 198. (200). 201. 202. 203.
205. 206. 207. 209. 211. (213).
218. 220. 221. 222. 225. 227.
234. 237. 239. 241. 244. 247.
252. 254. 255. 256. 258. 259.
270. 275. 276. 279. 282. 283.
295. 296. 300.

33. 35. 37. 44. 45. 47. 48.
54. 59. 60. 61. 62. 63. 68.

106.
1 24.
143.
160.
184.
195.
204.
217.
231 .
250.
261 .
289.
302.
316.
342.
362.
376.
396.
430.
451 .
467.
476.
497.
519.
546.
562.
578.
593.
608 .
625.

125. 128.

290. 292. 294.

365.
377.
397.
431.
459.
469.
480.
498.
599.
548.
565.

381.
401 .
432.
454.
470.
482.
504.
525.
549.
569.

306. 311. 319. 313. 314. 315.
317. 319. 399. 395. 397. 399.
343. 345. 349. 353. (358). (359).
367. 370. 379. 373. 374.
384. 388. 389. 390.
404. 411. 413. 415.
439. 442. 444. 450.
458. 469. 463. 466.
471. 479. 478. 475.
483. 486. 490. 499.
505. 511. 517. 518.
596. 539. 537. 543.
551. 555. 557. 560.
579. 573. 576. 577.
581. 589. (583). 585. 586. 588.
594. 597. 600. 603. 604. 606.
610. 611. 616. 691. 693. 694.
697. 630. 631. 635. 636. 637.

INDEX VERBORUM.

838. 650. 651, 652. 655. 657. (659).
(660). (663). (666). 888. (669). 674.
675. (676). 677. 678. 680. 681. 682.
683. 684. 686. 688. 691.
91 22. 151. 156. 268. 296. 298 397.
464. 635. 671. 685. 688.
etiam 65. 84. 116. 144. 147. 148. 149.
152. 159. 161. (165). 202. 228. 244.
256. 262. 267. 293. 301. 345. 452.
486. 492. 552. 557. 610. (669).
etei ⁶34⁷.
evenire 1. 507.
evitare 607.
9, 93 150. 153. 164 275. 493. 610.
630. (66.1) *684.
939911919 162.
excidere 70. 629.
93998819 562.
excusatio 279.
excutere 576.
exsilium 158.
exire 232.
93111991 288.
exornare 550.
expedire 152.
experiri 210.
explicare 110.
exspectare 2. 90. 539.
extra 204.
extenuare 489.
extinguere 54. 63. 288. 668.
extorquere 18.
extremus 163.
exulare ⁸155.

facere 2. 4. 10. 23. 30. 31. 43. 89.
98. 156 163. 173. 191. 252. 264. 280.
285. 310. 311. 331. 332. 336. 387.
407. 414. 432. 460. 464. 477. 481.
496 528. 541. 543. 546. 574. 812.-
617. 626. 640. 643. 651. 664.
facies 169.

facile 21. 162. 245. 265. 277. 280.
395. 408. 429. 435. 449. 515. 664.
facilis 188. 412.
facilitas 180. *278
facinus 174.‚282.
factum 196. 271.
facundus 104.
fallere (84).

falsus 186.

fama 69. 135. 266. 498. 520.
fateri 174.

fatum 629.

favere 605.

fax 39.

felicitas 475. 491.

412.

 

